0.4681179138321996 441.4306640625
0.47818594104308393 1636.5234375
0.47981859410430844 1830.322265625
0.4885260770975057 2863.916015625
0.5022222222222222 4489.6728515625
0.5610884353741497 452.197265625
0.5683446712018141 1313.525390625
0.5733333333333334 1905.6884765625
0.5817687074829931 2906.982421875
0.5929251700680271 4231.2744140625
0.6537868480725624 430.6640625
0.66140589569161 1335.05859375
0.6646712018140589 1722.65625
0.6751020408163265 2960.8154296875
0.6921541950113379 4984.9365234375
0.7467573696145124 441.4306640625
0.752562358276644 1130.4931640625
0.7580952380952382 1787.255859375
0.770249433106576 3229.98046875
0.7787755102040816 4242.041015625
0.8402721088435374 516.796875
0.8448072562358276 1055.126953125
0.8558730158730159 2368.65234375
0.8629478458049887 3208.447265625
0.8693877551020408 3972.8759765625
0.9333333333333333 538.330078125
0.9375963718820862 1044.3603515625
0.9434920634920635 1744.189453125
0.9557369614512472 3197.6806640625
0.9615419501133787 3886.7431640625
1.0272108843537415 656.7626953125
1.0315646258503401 1173.5595703125
1.0365532879818595 1765.72265625
1.0489795918367348 3240.7470703125
1.0589569160997734 4425.0732421875
1.119092970521542 538.330078125
1.1233560090702948 1044.3603515625
1.1300680272108843 1841.0888671875
1.141859410430839 3240.7470703125
1.1519274376417232 4435.83984375
1.2119727891156464 538.330078125
1.2185034013605442 1313.525390625
1.2250340136054423 2088.720703125
1.2309297052154196 2788.5498046875
1.2429931972789117 4220.5078125
1.3062131519274376 699.8291015625
1.3092063492063493 1055.126953125
1.3180045351473924 2099.4873046875
1.3236281179138323 2767.0166015625
1.3398639455782313 4694.23828125
1.397641723356009 527.5634765625
1.4063492063492062 1561.1572265625
1.4130612244897958 2357.8857421875
1.4163265306122448 2745.4833984375
1.4461678004535148 775.1953125
1.4494331065759638 1162.79296875
1.454331065759637 1744.189453125
1.4624943310657597 2713.18359375
1.4761904761904763 4338.9404296875
1.536235827664399 441.4306640625
1.5435827664399093 1313.525390625
1.547392290249433 1765.72265625
1.5624489795918368 3552.978515625
1.5658049886621315 3951.3427734375
1.629750566893424 516.796875
1.6364625850340135 1313.525390625
1.6439002267573697 2196.38671875
1.6564172335600906 3682.177734375
1.6588662131519274 3972.8759765625
1.722721088435374 527.5634765625
1.7298866213151927 1378.125
1.7360544217687075 2110.25390625
1.7491156462585034 3660.64453125
1.7580952380952382 4726.5380859375
1.8161451247165532 592.1630859375
1.8209523809523809 1162.79296875
1.8259410430839003 1754.9560546875
1.8359183673469388 2939.2822265625
1.8455328798185942 4080.5419921875
1.9090249433106576 592.1630859375
1.9139229024943312 1173.5595703125
1.9187301587301588 1744.189453125
1.928798185941043 2939.2822265625
1.9384126984126984 4080.5419921875
2.000634920634921 441.4306640625
2.006530612244898 1141.259765625
2.0116099773242633 1744.189453125
2.0252154195011336 3359.1796875
2.03092970521542 4037.4755859375
2.093514739229025 441.4306640625
2.1001360544217684 1227.392578125
2.1075736961451246 2110.25390625
2.1139229024943313 2863.916015625
2.124172335600907 4080.5419921875
2.18702947845805 516.796875
2.191201814058957 1012.060546875
2.1976417233560093 1776.4892578125
2.2091609977324262 3143.84765625
2.217142857142857 4091.30859375
2.2800000000000002 527.5634765625
2.285351473922902 1162.79296875
2.2909750566893425 1830.322265625
2.3021315192743765 3154.6142578125
2.3095691609977322 4037.4755859375
2.3728798185941042 527.5634765625
2.3827664399092967 1701.123046875
2.3862131519274374 2110.25390625
2.395374149659864 3197.6806640625
2.4014512471655327 3919.04296875
2.467482993197279 732.12890625
2.4755555555555557 1690.3564453125
2.4770975056689344 1873.388671875
2.490702947845805 3488.37890625
2.494331065759637 3919.04296875
2.560362811791383 732.12890625
2.565079365079365 1291.9921875
2.568798185941043 1733.4228515625
2.580136054421769 3079.248046875
2.5872108843537416 3919.04296875
2.651700680272109 549.0966796875
2.66140589569161 1701.123046875
2.66249433106576 1830.322265625
2.670294784580499 2756.25
2.68108843537415 4037.4755859375
2.7440362811791386 484.4970703125
2.748480725623583 1012.060546875
2.7576417233560093 2099.4873046875
2.767074829931973 3219.2138671875
2.7718820861678006 3789.84375
2.8365532879818596 441.4306640625
2.847074829931973 1690.3564453125
2.8478911564625853 1787.255859375
2.8602267573696145 3251.513671875
2.8658503401360544 3919.04296875
2.929342403628118 430.6640625
2.9401360544217687 1711.8896484375
2.9403174603174604 1733.4228515625
2.9522902494331067 3154.6142578125
2.959727891156463 4037.4755859375
3.0234920634920637 581.396484375
3.0310204081632657 1475.0244140625
3.033378684807256 1754.9560546875
3.0483446712018143 3531.4453125
3.052154195011338 3983.642578125
3.115918367346939 527.5634765625
3.1258049886621313 1701.123046875
3.1261678004535147 1744.189453125
3.136326530612245 2950.048828125
3.146122448979592 4112.841796875
3.2087074829931974 516.796875
3.2175056689342405 1561.1572265625
3.219047619047619 1744.189453125
3.2307482993197283 3133.0810546875
3.2366439909297053 3832.91015625
3.301768707482993 538.330078125
3.3072108843537418 1184.326171875
3.3122902494331066 1787.255859375
3.3202721088435374 2734.716796875
3.330702947845805 3972.8759765625
3.395102040816327 592.1630859375
3.4 1173.5595703125
3.4048979591836734 1754.9560546875
3.4131519274376414 2734.716796875
3.4424489795918367 699.8291015625
3.446439909297052 1173.5595703125
3.4588662131519277 2648.583984375
3.459591836734694 2734.716796875
3.5338775510204083 527.5634765625
3.5404988662131522 1313.525390625
3.5443083900226755 1765.72265625
3.553560090702948 2863.916015625
3.5627210884353744 3951.3427734375
3.626757369614513 527.5634765625
3.633469387755102 1324.2919921875
3.6445351473922902 2637.8173828125
3.648798185941043 3143.84765625
3.6556009070294784 3951.3427734375
3.719546485260771 516.796875
3.7262585034013607 1313.525390625
3.73297052154195 2110.25390625
3.7459410430839 3649.8779296875
3.750385487528345 4177.44140625
3.812517006802721 527.5634765625
3.8179591836734694 1173.5595703125
3.822857142857143 1754.9560546875
3.8375510204081635 3499.1455078125
3.842448979591837 4080.5419921875
3.905487528344671 538.330078125
3.910748299319728 1162.79296875
3.9157369614512474 1754.9560546875
3.931700680272109 3649.8779296875
3.935419501133787 4091.30859375
3.997732426303855 462.9638671875
4.003446712018141 1141.259765625
4.008526077097506 1744.189453125
4.01795918367347 2863.916015625
4.027573696145125 4005.17578125
4.090430839002268 441.4306640625
4.099047619047619 1464.2578125
4.103038548752835 1937.98828125
4.112018140589569 3003.8818359375
4.119637188208617 3908.2763671875
4.183945578231293 516.796875
4.192018140589569 1475.0244140625
4.197278911564626 2099.4873046875
4.203628117913833 2853.1494140625
4.212517006802721 3908.2763671875
4.276825396825397 516.796875
4.286802721088435 1701.123046875
4.287437641723356 1776.4892578125
4.29641723356009 2842.3828125
4.304580498866214 3811.376953125
4.369705215419501 516.796875
4.377687074829932 1464.2578125
4.38077097505669 1830.322265625
4.393832199546486 3380.712890625
4.399546485260771 4059.0087890625
4.461859410430839 430.6640625
4.470566893424037 1464.2578125
4.474467120181406 1927.2216796875
4.482358276643991 2863.916015625
4.492698412698413 4091.30859375
4.555646258503401 538.330078125
4.559818594104309 1033.59375
4.5665306122448985 1830.322265625
4.575600907029479 2906.982421875
4.583219954648526 3811.376953125
4.647709750566894 441.4306640625
4.656417233560091 1475.0244140625
4.65859410430839 1733.4228515625
4.6755555555555555 3746.77734375
4.6780952380952385 4048.2421875
4.741224489795918 516.796875
4.749206349206349 1464.2578125
4.753015873015873 1916.455078125
4.76 2745.4833984375
4.770249433106576 3962.109375
4.833469387755102 441.4306640625
4.839727891156462 1184.326171875
4.847074829931973 2056.4208984375
4.857052154195012 3240.7470703125
4.86204081632653 3832.91015625
4.926984126984127 516.796875
4.93124716553288 1022.8271484375
4.937414965986394 1754.9560546875
4.9459410430839 2767.0166015625
4.955192743764172 3865.2099609375
5.0199546485260775 527.5634765625
5.0272108843537415 1388.8916015625
5.0377324263038545 2637.8173828125
5.038911564625851 2777.783203125
5.049705215419501 4059.0087890625
5.112925170068028 538.330078125
5.118367346938776 1184.326171875
5.123083900226757 1744.189453125
5.131337868480726 2723.9501953125
5.140408163265306 3800.6103515625
5.205714285714286 527.5634765625
5.21297052154195 1388.8916015625
5.217868480725624 1970.2880859375
5.227573696145125 3122.314453125
5.2359183673469385 4112.841796875
5.29859410430839 527.5634765625
5.306485260770975 1464.2578125
5.312562358276644 2185.6201171875
5.323628117913833 3499.1455078125
5.326984126984128 3897.509765625
5.3920181405895695 592.1630859375
5.399365079365079 1464.2578125
5.409342403628118 2648.583984375
5.409705215419502 2691.650390625
5.418866213151928 3779.0771484375
5.4380045351473925 538.330078125
5.442267573696145 1044.3603515625
5.455600907029478 2627.05078125
5.460045351473923 3154.6142578125
5.466848072562358 3962.109375
5.53079365079365 527.5634765625
5.535147392290249 1044.3603515625
5.544126984126984 2110.25390625
5.557278911564626 3671.4111328125
5.561632653061224 4188.2080078125
5.6237641723356 538.330078125
5.629115646258503 1173.5595703125
5.634104308390023 1765.72265625
5.648979591836734 3531.4453125
5.653877551020408 4112.841796875
5.717097505668934 592.1630859375
5.720907029478457 1044.3603515625
5.7307029478458045 2207.1533203125
5.741768707482993 3520.6787109375
5.746848072562358 4123.6083984375
5.808707482993197 441.4306640625
5.813424036281178 1001.2939453125
5.820770975056689 1873.388671875
5.833469387755102 3380.712890625
5.842539682539682 4457.373046875
5.902222222222222 516.796875
5.906303854875283 1001.2939453125
5.912653061224489 1754.9560546875
5.924625850340136 3176.1474609375
5.932607709750567 4123.6083984375
5.995192743764172 527.5634765625
6.001814058956915 1313.525390625
6.006077097505669 1819.5556640625
6.0154195011337865 2928.515625
6.025215419501134 4091.30859375
6.08734693877551 441.4306640625
6.096054421768708 1475.0244140625
6.0987755102040815 1798.0224609375
6.110385487528344 3176.1474609375
6.117913832199546 4069.775390625
6.180226757369614 441.4306640625
6.188117913832199 1378.125
6.192834467120181 1937.98828125
6.20281179138322 3122.314453125
6.208526077097505 3800.6103515625
6.273015873015873 430.6640625
6.277823129251701 1001.2939453125
6.284625850340136 1808.7890625
6.296780045351474 3251.513671875
6.3034920634920635 4048.2421875
6.366712018140589 527.5634765625
6.3736961451247165 1356.591796875
6.380045351473923 2110.25390625
6.386394557823129 2863.916015625
6.39437641723356 3811.376953125
6.458775510204082 430.6640625
6.467573696145125 1475.0244140625
6.472834467120181 2099.4873046875
6.482448979591837 3240.7470703125
6.552380952380952 516.796875
6.5567346938775515 1033.59375
6.57015873015873 2627.05078125
6.578775510204082 3649.8779296875
6.582403628117914 4080.5419921875
6.645442176870748 538.330078125
6.652789115646259 1410.4248046875
6.658775510204082 2121.0205078125
6.666031746031746 2982.3486328125
6.738321995464853 538.330078125
6.745487528344672 1388.8916015625
6.750385487528344 1970.2880859375
6.757460317460318 2810.0830078125
6.767074829931973 3951.3427734375
6.8316553287981865 592.1630859375
6.838548752834467 1410.4248046875
6.844897959183673 2164.0869140625
6.849977324263039 2767.0166015625
6.923990929705216 527.5634765625
6.9307029478458055 1324.2919921875
6.9418594104308395 2648.583984375
6.949387755102041 3542.2119140625
6.951292517006803 3768.310546875
7.01687074829932 527.5634765625
7.024761904761905 1464.2578125
7.0311111111111115 2217.919921875
7.038458049886621 3090.0146484375
7.049614512471655 4414.306640625
7.109659863945579 516.796875
7.114104308390023 1044.3603515625
7.123174603174603 2121.0205078125
7.132063492063493 3176.1474609375
7.138684807256236 3962.109375
7.202721088435375 538.330078125
7.207256235827664 1076.66015625
7.216054421768708 2121.0205078125
7.224852607709751 3165.380859375
7.237913832199547 4715.771484375
7.295510204081633 527.5634765625
7.301043083900227 1184.326171875
7.3060317460317465 1776.4892578125
7.315918367346939 2950.048828125
7.323083900226758 3800.6103515625
7.387845804988662 462.9638671875
7.393922902494332 1184.326171875
7.39891156462585 1776.4892578125
7.434920634920635 538.330078125
7.4446258503401355 1690.3564453125
7.445170068027211 1754.9560546875
7.455238095238095 2950.048828125
7.462403628117913 3800.6103515625
7.526984126984127 441.4306640625
7.535600907029478 1464.2578125
7.539410430839002 1916.455078125
7.547392290249433 2863.916015625
7.555192743764172 3789.84375
7.622312925170068 732.12890625
7.627845804988662 1388.8916015625
7.632471655328798 1937.98828125
7.6400907029478455 2842.3828125
7.65079365079365 4112.841796875
7.712743764172336 441.4306640625
7.717369614512472 990.52734375
7.723990929705215 1776.4892578125
7.733151927437642 2863.916015625
7.7411337868480725 3811.376953125
7.805623582766439 441.4306640625
7.814240362811791 1464.2578125
7.817959183673469 1905.6884765625
7.826122448979592 2874.6826171875
7.8409070294784575 4629.638671875
7.898503401360544 441.4306640625
7.907210884353741 1475.0244140625
7.909659863945578 1765.72265625
7.918820861678005 2853.1494140625
7.929160997732426 4080.5419921875
7.991383219954648 441.4306640625
7.997641723356009 1184.326171875
8.003809523809524 1916.455078125
8.014421768707482 3176.1474609375
8.022131519274376 4091.30859375
8.084263038548752 441.4306640625
8.08907029478458 1012.060546875
8.095238095238095 1744.189453125
8.103219954648527 2691.650390625
8.114829931972789 4069.775390625
8.177142857142858 441.4306640625
8.185215419501134 1399.658203125
8.192834467120182 2304.052734375
8.196190476190477 2702.4169921875
8.20780045351474 4080.5419921875
8.270839002267573 538.330078125
8.277460317460317 1324.2919921875
8.284807256235828 2196.38671875
8.292335600907029 3090.0146484375
8.303401360544218 4403.5400390625
8.362902494331065 441.4306640625
8.370340136054422 1324.2919921875
8.3815873015873 2659.3505859375
8.385215419501133 3090.0146484375
8.39265306122449 3972.8759765625
8.456507936507936 527.5634765625
8.460952380952381 1055.126953125
8.469931972789116 2121.0205078125
8.48281179138322 3649.8779296875
8.485442176870748 3962.109375
8.54938775510204 527.5634765625
8.558458049886621 1604.2236328125
8.562902494331066 2131.787109375
8.5718820861678 3197.6806640625
8.585034013605442 4758.837890625
8.64281179138322 592.1630859375
8.647709750566893 1173.5595703125
8.652607709750567 1754.9560546875
8.662675736961452 2950.048828125
8.67764172335601 4726.5380859375
8.735691609977325 592.1630859375
8.739591836734695 1055.126953125
8.745668934240364 1776.4892578125
8.757913832199547 3229.98046875
8.764444444444445 4005.17578125
8.827301587301587 441.4306640625
8.83201814058957 1001.2939453125
8.841360544217688 2110.25390625
8.846621315192744 2734.716796875
8.858231292517008 4112.841796875
8.920181405895692 441.4306640625
8.924897959183674 1001.2939453125
8.934240362811792 2110.25390625
8.940498866213153 2853.1494140625
8.949024943310658 3865.2099609375
9.013786848072563 527.5634765625
9.02077097505669 1356.591796875
9.02485260770975 1841.0888671875
9.03700680272109 3283.8134765625
9.041360544217687 3800.6103515625
9.106666666666667 527.5634765625
9.116009070294785 1636.5234375
9.116825396825398 1733.4228515625
9.130521541950113 3359.1796875
9.134331065759637 3811.376953125
9.201269841269841 732.12890625
9.207981859410431 1528.857421875
9.21124716553288 1916.455078125
9.226757369614512 3757.5439453125
9.22984126984127 4123.6083984375
9.29170068027211 441.4306640625
9.301678004535148 1625.7568359375
9.302585034013605 1733.4228515625
9.31528344671202 3240.7470703125
9.322630385487528 4112.841796875
9.384580498866214 441.4306640625
9.390839002267574 1184.326171875
9.396281179138322 1830.322265625
9.431020408163267 441.4306640625
9.435736961451248 1001.2939453125
9.449705215419502 2659.3505859375
9.457142857142857 3542.2119140625
9.46467120181406 4435.83984375
9.524716553287982 538.330078125
9.531337868480726 1324.2919921875
9.535056689342404 1765.72265625
9.545034013605443 2950.048828125
9.557278911564627 4403.5400390625
9.61750566893424 527.5634765625
9.62185941043084 1044.3603515625
9.630748299319729 2099.4873046875
9.636371882086168 2767.0166015625
9.646439909297053 3962.109375
9.7102947845805 516.796875
9.714739229024945 1044.3603515625
9.724535147392292 2207.1533203125
9.730158730158731 2874.6826171875
9.745668934240364 4715.771484375
9.803174603174604 516.796875
9.808707482993198 1173.5595703125
9.813696145124718 1765.72265625
9.823673469387757 2950.048828125
9.838458049886622 4705.0048828125
9.896145124716554 527.5634765625
9.901496598639456 1162.79296875
9.9102947845805 2207.1533203125
9.918911564625851 3229.98046875
9.988299319727892 441.4306640625
9.996916099773243 1464.2578125
10.00045351473923 1884.1552734375
10.009614512471655 2971.58203125
10.023673469387756 4640.4052734375
10.081814058956917 516.796875
10.087074829931973 1141.259765625
10.092335600907031 1765.72265625
10.10467120181406 3229.98046875
10.113560090702949 4285.107421875
10.174693877551022 516.796875
10.180589569160999 1216.6259765625
10.188027210884355 2099.4873046875
10.194739229024943 2896.2158203125
10.206439909297053 4285.107421875
10.26684807256236 430.6640625
10.273197278911566 1184.326171875
10.27936507936508 1916.455078125
10.288798185941044 3036.181640625
10.301768707482994 4575.8056640625
10.35981859410431 441.4306640625
10.36607709750567 1184.326171875
10.370975056689343 1765.72265625
10.38140589569161 3003.8818359375
10.391655328798187 4220.5078125
10.453333333333333 516.796875
10.460136054421769 1324.2919921875
10.463854875283447 1765.72265625
10.473832199546486 2950.048828125
10.485986394557823 4392.7734375
10.545578231292517 441.4306640625
10.553015873015873 1324.2919921875
10.560362811791384 2196.38671875
10.56671201814059 2950.048828125
10.58140589569161 4694.23828125
10.639092970521542 516.796875
10.643628117913833 1055.126953125
10.652607709750567 2121.0205078125
10.659591836734695 2950.048828125
10.67482993197279 4758.837890625
10.732063492063492 527.5634765625
10.73750566893424 1173.5595703125
10.742312925170069 1744.189453125
10.752199546485262 2917.7490234375
10.767256235827665 4705.0048828125
10.825487528344672 592.1630859375
10.830385487528345 1173.5595703125
10.835374149659865 1765.72265625
10.84544217687075 2960.8154296875
10.860045351473923 4694.23828125
10.91954648526077 732.12890625
10.926984126984127 1614.990234375
10.928888888888888 1841.0888671875
10.938684807256235 3003.8818359375
10.951927437641723 4575.8056640625
11.009977324263039 441.4306640625
11.019954648526078 1625.7568359375
11.021768707482993 1841.0888671875
11.031746031746032 3025.4150390625
11.044172335600907 4500.439453125
11.102857142857143 441.4306640625
11.111473922902494 1464.2578125
11.113741496598639 1733.4228515625
11.126984126984127 3305.3466796875
11.139319727891156 4769.6044921875
11.195736961451248 441.4306640625
11.204444444444444 1475.0244140625
11.207437641723356 1830.322265625
11.216507936507938 2906.982421875
11.22748299319728 4209.7412109375
11.289433106575965 538.330078125
11.293877551020408 1065.8935546875
11.303038548752834 2153.3203125
11.311473922902495 3154.6142578125
11.325260770975056 4791.1376953125
11.382403628117913 549.0966796875
11.386666666666667 1055.126953125
11.396009070294784 2164.0869140625
11.42875283446712 538.330078125
11.434104308390024 1173.5595703125
11.439092970521543 1765.72265625
11.451337868480726 3219.2138671875
11.462585034013607 4554.2724609375
11.521632653061225 538.330078125
11.526984126984127 1173.5595703125
11.532063492063493 1776.4892578125
11.54421768707483 3219.2138671875
11.616145124716555 732.12890625
11.62231292517007 1464.2578125
11.624761904761906 1754.9560546875
11.637278911564627 3240.7470703125
11.646621315192744 4349.70703125
11.707210884353742 516.796875
11.717188208616781 1701.123046875
11.717460317460318 1733.4228515625
11.729433106575964 3154.6142578125
11.742312925170069 4683.4716796875
11.799455782312926 441.4306640625
11.808072562358277 1464.2578125
11.81061224489796 1765.72265625
11.824126984126984 3369.9462890625
11.832834467120183 4403.5400390625
11.893061224489797 527.5634765625
11.898412698412699 1162.79296875
11.904308390022676 1862.6220703125
11.913922902494331 3003.8818359375
11.92498866213152 4317.4072265625
11.986031746031747 538.330078125
11.991292517006803 1162.79296875
11.996190476190478 1744.189453125
12.006167800453515 2928.515625
12.015782312925172 4069.775390625
12.078004535147393 430.6640625
12.084263038548753 1173.5595703125
12.089251700680272 1765.72265625
12.09922902494331 2950.048828125
12.113560090702949 4651.171875
12.170884353741497 430.6640625
12.177142857142858 1173.5595703125
12.181950113378686 1744.189453125
12.191927437641723 2928.515625
12.20671201814059 4683.4716796875
12.26467120181406 538.330078125
12.270022675736962 1173.5595703125
12.275646258503402 1841.0888671875
12.286349206349207 3111.5478515625
12.299319727891158 4651.171875
12.357551020408163 538.330078125
12.362811791383221 1162.79296875
12.36780045351474 1754.9560546875
12.379410430839004 3133.0810546875
12.392471655328798 4683.4716796875
12.450430839002268 538.330078125
12.455782312925171 1173.5595703125
12.465668934240362 2347.119140625
12.470748299319729 2950.048828125
12.4843537414966 4565.0390625
12.543310657596372 538.330078125
12.54875283446712 1184.326171875
12.553560090702948 1754.9560546875
12.563628117913833 2950.048828125
12.577596371882086 4608.10546875
12.637823129251702 732.12890625
12.641632653061224 1184.326171875
12.651428571428571 2347.119140625
12.656417233560092 2939.2822265625
12.671292517006803 4705.0048828125
12.72907029478458 538.330078125
12.734421768707483 1173.5595703125
12.744308390022676 2347.119140625
12.74984126984127 3003.8818359375
12.761632653061225 4403.5400390625
12.821950113378685 538.330078125
12.827210884353741 1162.79296875
12.835192743764173 2110.25390625
12.841995464852609 2917.7490234375
12.85687074829932 4683.4716796875
12.915192743764173 581.396484375
12.920090702947846 1162.79296875
12.928072562358278 2110.25390625
12.93732426303855 3208.447265625
12.94702947845805 4360.4736328125
13.00780045351474 549.0966796875
13.012879818594104 1152.0263671875
13.018049886621316 1765.72265625
13.029387755102041 3111.5478515625
13.04172335600907 4575.8056640625
13.100589569160999 538.330078125
13.105578231292517 1130.4931640625
13.11111111111111 1787.255859375
13.121269841269841 2993.115234375
13.134875283446712 4608.10546875
13.192562358276644 430.6640625
13.197641723356009 1033.59375
13.208616780045352 2336.3525390625
13.2162358276644 3240.7470703125
13.227120181405896 4532.7392578125
13.287981859410431 732.12890625
13.29170068027211 1173.5595703125
13.296689342403628 1765.72265625
13.306394557823129 2917.7490234375
13.319637188208617 4489.6728515625
13.3784126984127 441.4306640625
13.384580498866214 1173.5595703125
13.394467120181407 2347.119140625
13.414149659863945 4683.4716796875
13.424761904761906 430.6640625
13.430929705215421 1162.79296875
13.43591836734694 1754.9560546875
13.445986394557824 2950.048828125
13.461224489795919 4758.837890625
13.518548752834468 538.330078125
13.523809523809526 1162.79296875
13.52888888888889 1765.72265625
13.539410430839004 3014.6484375
13.553650793650794 4705.0048828125
13.611428571428572 538.330078125
13.616689342403628 1162.79296875
13.624852607709752 2131.787109375
13.632199546485262 3003.8818359375
13.647528344671203 4823.4375
13.704308390022677 538.330078125
13.709569160997733 1162.79296875
13.71546485260771 1862.6220703125
13.724625850340137 2950.048828125
13.739410430839003 4705.0048828125
13.797188208616781 538.330078125
13.802448979591837 1162.79296875
13.807437641723357 1754.9560546875
13.817505668934242 2950.048828125
13.832290249433107 4705.0048828125
13.890068027210885 538.330078125
13.895419501133787 1173.5595703125
13.90530612244898 2347.119140625
13.910022675736963 2906.982421875
13.924625850340137 4640.4052734375
13.98340136054422 592.1630859375
13.988299319727892 1173.5595703125
13.998185941043085 2347.119140625
14.00326530612245 2950.048828125
14.018049886621316 4705.0048828125
14.076190476190478 581.396484375
14.081179138321996 1173.5595703125
14.086167800453516 1765.72265625
14.096145124716553 2950.048828125
14.111020408163267 4715.771484375
14.169160997732428 592.1630859375
14.173968253968255 1162.79296875
14.178956916099775 1754.9560546875
14.188934240362812 2939.2822265625
14.201269841269841 4403.5400390625
14.261950113378685 581.396484375
14.26684807256236 1162.79296875
14.271746031746032 1744.189453125
14.281814058956916 2939.2822265625
14.294149659863946 4403.5400390625
14.354920634920635 592.1630859375
14.362267573696146 1464.2578125
14.369705215419502 2347.119140625
14.374693877551021 2939.2822265625
14.389478458049886 4694.23828125
